0.933333333333
0.95652173913
0.909090909091
0.795454545455
0.979591836735
0.928571428571
1.0
0.807692307692
0.9375
0.95
1.0
1.0
0.894736842105
0.928571428571
1.0
1.0
1.0
1.0
0.875
1.0
1.0
0.941176470588
0.882352941176
0.833333333333
0.918918918919
0.842105263158
1.0
0.75
0.977777777778
0.894736842105
0.958333333333
0.90243902439
0.909090909091
0.944444444444
1.0
0.869565217391
1.0
1.0
1.0
1.0
0.92
1.0
0.888888888889
0.935483870968
0.870967741935
1.0
0.888888888889
1.0
0.916666666667
0.838709677419
1.0
1.0
0.947368421053
0.842105263158
1.0
0.852941176471
0.894736842105
0.916666666667
0.904761904762
0.953488372093
0.929824561404
0.894736842105
1.0
1.0
1.0
0.958333333333
1.0
0.933333333333
0.935483870968
1.0
1.0
1.0
0.888888888889
1.0
0.9
0.918918918919
0.857142857143
1.0
1.0
0.916666666667
1.0
0.958333333333
1.0
1.0
0.833333333333
1.0
0.857142857143
1.0
0.890909090909
1.0
0.882352941176
1.0
0.933333333333
1.0
0.92
1.0
1.0
0.888888888889
0.933333333333
0.90625
0.888888888889
1.0
0.957142857143
0.952380952381
0.969696969697
0.818181818182
0.958333333333
0.941176470588
1.0
0.939393939394
0.866666666667
0.9375
0.952380952381
1.0
0.966666666667
1.0
1.0
0.965517241379
0.962962962963
0.888888888889
0.891891891892
0.945945945946
0.888888888889
0.923076923077
0.966666666667
0.931818181818
0.975609756098
1.0
0.925
0.971428571429
1.0
0.966666666667
0.966666666667
0.964285714286
0.947368421053
0.931034482759
0.941176470588
0.959183673469
1.0
1.0
1.0
0.965517241379
0.96
0.85
1.0
1.0
1.0
0.9
0.833333333333
0.9
0.916666666667
1.0
0.869565217391
0.904761904762
1.0
0.952380952381
0.9375
1.0
0.947368421053
0.980769230769
0.933333333333
0.909090909091
1.0
1.0
0.933333333333
1.0
1.0
0.833333333333
1.0
1.0
1.0
1.0
0.952380952381
1.0
1.0
0.933333333333
0.9375
1.0
1.0
1.0
0.878787878788
1.0
1.0
0.95652173913
0.857142857143
0.894736842105
0.95
1.0
1.0
0.916666666667
1.0
1.0
0.954545454545
0.95652173913
1.0
0.888888888889
1.0
0.928571428571
1.0
0.625
1.0
0.981818181818
0.944444444444
0.966666666667
0.925
1.0
0.955555555556
0.9
1.0
0.958333333333
1.0
0.95
0.975
1.0
0.666666666667
0.83606557377
0.96875
1.0
1.0
0.75
1.0
0.916666666667
1.0
0.894736842105
0.941176470588
0.967741935484
0.951219512195
0.842105263158
1.0
0.888888888889
0.901960784314
0.975903614458
0.9
1.0
1.0
0.918918918919
0.777777777778
1.0
1.0
1.0
0.961538461538
0.928571428571
1.0
0.923076923077
1.0
0.941176470588
1.0
0.941176470588
1.0
1.0
0.882352941176
0.976744186047
1.0
0.933333333333
0.957142857143
0.882352941176
0.969696969697
0.954545454545
0.953488372093
1.0
0.941176470588
0.893617021277
1.0
0.948717948718
0.92
0.851063829787
0.974358974359
0.941176470588
0.939393939394
0.947368421053
1.0
0.931034482759
0.941176470588
0.958333333333
1.0
0.925925925926
0.911764705882
1.0
0.818181818182
1.0
1.0
0.925925925926
0.8
1.0
0.944444444444
1.0
1.0
0.914893617021
0.857142857143
1.0
0.916666666667
1.0
0.866666666667
0.965517241379
0.961538461538
0.894736842105
0.882352941176
1.0
0.822222222222
0.777777777778
0.888888888889
0.958333333333
0.846153846154
1.0
1.0
0.946666666667
0.96875
0.888888888889
0.928571428571
1.0
1.0
1.0
1.0
1.0
1.0
0.944444444444
1.0
0.818181818182
0.96875
0.9375
0.857142857143
1.0
0.96
0.933333333333
0.971428571429
0.933333333333
0.894736842105
0.842105263158
0.913043478261
1.0
0.954545454545
1.0
1.0
1.0
0.972222222222
0.916666666667
0.967741935484
0.9
0.928571428571
1.0
1.0
0.833333333333
1.0
0.9
0.958333333333
0.857142857143
0.933333333333
0.918367346939
0.833333333333
1.0
0.848484848485
0.945945945946
0.913043478261
1.0
0.928571428571
1.0
1.0
1.0
0.821428571429
0.866666666667
0.884615384615
0.933333333333
0.944444444444
0.714285714286
1.0
0.921052631579
0.933333333333
1.0
0.916666666667
1.0
0.975609756098
1.0
0.867924528302
0.941176470588
1.0
0.974358974359
1.0
0.882352941176
1.0
1.0
1.0
0.785714285714
0.977272727273
1.0
0.9375
0.875
0.875
0.901960784314
0.875
0.964285714286
0.95652173913
0.958333333333
0.9375